Gamma=0,0,0
K=0.666667,0.333333,0
M=0.5,0.5,0
Gamma=0,0,0